-2.422897555924745561e+01 -2.422897555924728508e+01 -2.370450935403010817e+01 -2.370450935403008330e+01 -2.366747354877644582e+01 -2.363812896036984412e+01 -2.363812896036852962e+01 -2.362217706502760706e+01 -2.361381264691549120e+01 -2.360629677454766906e+01
-2.423129956961460962e+01 -2.366813497259031251e+01 -2.365767286990086049e+01 -2.363120821661458137e+01 -2.361997509211402146e+01 -2.361343503505713315e+01 -2.360470089329331245e+01 -2.359834345488779306e+01 -2.358416129200881883e+01 -2.357966785221798389e+01
-2.424657444838307541e+01 -2.369840502474009369e+01 -2.364947794548087501e+01 -2.363979672588864744e+01 -2.361995088993116809e+01 -2.361447580048168859e+01 -2.361178611877005551e+01 -2.360179934619207387e+01 -2.359504362573434477e+01 -2.358513065937992437e+01
-2.423129956961454212e+01 -2.366813497259015264e+01 -2.365767286990070062e+01 -2.363120821661511783e+01 -2.361997509211434831e+01 -2.361343503505707631e+01 -2.360470089329333732e+01 -2.359834345488806662e+01 -2.358416129200890765e+01 -2.357966785221807626e+01
-2.423129956961458120e+01 -2.366813497259020949e+01 -2.365767286990065088e+01 -2.363120821661483006e+01 -2.361997509211392554e+01 -2.361343503505683827e+01 -2.360470089329323073e+01 -2.359834345488796004e+01 -2.358416129200899647e+01 -2.357966785221805139e+01
-2.423129956961458120e+01 -2.366813497259033383e+01 -2.365767286990087825e+01 -2.363120821661513205e+01 -2.361997509211418134e+01 -2.361343503505694130e+01 -2.360470089329343679e+01 -2.359834345488818741e+01 -2.358416129200918121e+01 -2.357966785221820061e+01
-2.424482141344200414e+01 -2.366762851393248468e+01 -2.366572384392195261e+01 -2.365173856145402809e+01 -2.360537153294292523e+01 -2.359447628781943251e+01 -2.359160665112327493e+01 -2.358630215254357410e+01 -2.358172147132161811e+01 -2.357273051428370181e+01
-2.424482141344199349e+01 -2.366762851393241363e+01 -2.366572384392255302e+01 -2.365173856145419862e+01 -2.360537153294283641e+01 -2.359447628781961370e+01 -2.359160665112288058e+01 -2.358630215254344620e+01 -2.358172147132185970e+01 -2.357273051428391852e+01
-2.424657444838305054e+01 -2.369840502474006172e+01 -2.364947794548126936e+01 -2.363979672588907022e+01 -2.361995088993122849e+01 -2.361447580048184491e+01 -2.361178611877044631e+01 -2.360179934619221953e+01 -2.359504362573455793e+01 -2.358513065938030451e+01
-2.424482141344202191e+01 -2.366762851393251665e+01 -2.366572384392232209e+01 -2.365173856145364795e+01 -2.360537153294248469e+01 -2.359447628781943962e+01 -2.359160665112303334e+01 -2.358630215254310869e+01 -2.358172147132135166e+01 -2.357273051428330390e+01
-2.424657444838304698e+01 -2.369840502474009725e+01 -2.364947794548133686e+01 -2.363979672588830638e+01 -2.361995088993105441e+01 -2.361447580048192663e+01 -2.361178611877016564e+01 -2.360179934619195663e+01 -2.359504362573401792e+01 -2.358513065937944475e+01
-2.424482141344194730e+01 -2.366762851393237455e+01 -2.366572384392222261e+01 -2.365173856145370834e+01 -2.360537153294264456e+01 -2.359447628782012174e+01 -2.359160665112340993e+01 -2.358630215254326501e+01 -2.358172147132172114e+01 -2.357273051428360944e+01
-2.423129956961452436e+01 -2.366813497259045462e+01 -2.365767286990097773e+01 -2.363120821661503257e+01 -2.361997509211424173e+01 -2.361343503505727881e+01 -2.360470089329374943e+01 -2.359834345488869189e+01 -2.358416129200928424e+01 -2.357966785221804784e+01
-2.424482141344198993e+01 -2.366762851393261968e+01 -2.366572384392254591e+01 -2.365173856145367282e+01 -2.360537153294276180e+01 -2.359447628781999740e+01 -2.359160665112280242e+01 -2.358630215254333606e+01 -2.358172147132198404e+01 -2.357273051428376576e+01
-2.424482141344193664e+01 -2.366762851393264455e+01 -2.366572384392203787e+01 -2.365173856145361242e+01 -2.360537153294283641e+01 -2.359447628781987660e+01 -2.359160665112304756e+01 -2.358630215254335383e+01 -2.358172147132157548e+01 -2.357273051428359523e+01
-2.423129956961457410e+01 -2.366813497259047594e+01 -2.365767286990093510e+01 -2.363120821661479098e+01 -2.361997509211455082e+01 -2.361343503505731078e+01 -2.360470089329326626e+01 -2.359834345488796359e+01 -2.358416129200903555e+01 -2.357966785221817219e+01
