-1.084514220271194240e+01 -1.054964543386678777e+01 -1.050198683185432280e+01 -1.025430125405626924e+01 -1.021650776470613664e+01 -1.019985607387812010e+01 -1.018972510041645663e+01 -9.966552902765924316e+00 -9.930860766038946963e+00 -9.852196055778428274e+00
-1.101532497130899912e+01 -1.039145089750723372e+01 -1.028379020952366574e+01 -1.021998148802987672e+01 -1.015249336894620491e+01 -1.007143968977508308e+01 -1.000104351744046483e+01 -9.976358162993497203e+00 -9.952524405009581798e+00 -9.915225527232447433e+00
-1.124182460206955980e+01 -1.116429411319204767e+01 -1.068088423066789083e+01 -1.045584233275959285e+01 -1.032657328428974530e+01 -1.023270381926033679e+01 -1.021612158447982921e+01 -1.018051327498874770e+01 -1.016718561019224865e+01 -1.015022817271138500e+01
-1.101532497130900268e+01 -1.039145089750726214e+01 -1.028379020952363376e+01 -1.021998148802987672e+01 -1.015249336894614984e+01 -1.007143968977507775e+01 -1.000104351744056252e+01 -9.976358162993538059e+00 -9.952524405009627984e+00 -9.915225527232454539e+00
-1.077926812676906110e+01 -1.036821911489798609e+01 -1.028374624689438654e+01 -1.019933364958625077e+01 -1.019414279239242838e+01 -1.011335175996524072e+01 -1.008657389694190520e+01 -1.005553825735843176e+01 -9.995202665243644091e+00 -9.965180561625398781e+00
-1.066888834865249791e+01 -1.037861724203187386e+01 -1.029422693390193011e+01 -1.016797000692682573e+01 -1.010415909099448228e+01 -1.008810187306901085e+01 -1.003497892087143128e+01 -1.001951294306748075e+01 -9.973376243807443586e+00 -9.934837878180539761e+00
-1.089550504650258489e+01 -1.033519210576656810e+01 -1.023780528639681719e+01 -1.017144039563909885e+01 -1.015164436678825766e+01 -1.007013344138162658e+01 -1.001941658834423343e+01 -9.991118323650573174e+00 -9.952970244498812846e+00 -9.929841565726984953e+00
-1.096419046306149170e+01 -1.035300931914286870e+01 -1.026638684588702688e+01 -1.015971468062569016e+01 -1.013761389084221776e+01 -1.005449015851341343e+01 -1.005328452070242840e+01 -1.000699146654334371e+01 -9.913408522335135586e+00 -9.901437554286472320e+00
-1.077926812676906643e+01 -1.036821911489797721e+01 -1.028374624689443984e+01 -1.019933364958628452e+01 -1.019414279239244969e+01 -1.011335175996524249e+01 -1.008657389694183237e+01 -1.005553825735852058e+01 -9.995202665243677842e+00 -9.965180561625411215e+00
-1.096419046306149170e+01 -1.035300931914291667e+01 -1.026638684588710149e+01 -1.015971468062570615e+01 -1.013761389084226039e+01 -1.005449015851338501e+01 -1.005328452070244616e+01 -1.000699146654339344e+01 -9.913408522335178219e+00 -9.901437554286474096e+00
-1.089550504650257068e+01 -1.033519210576649705e+01 -1.023780528639676923e+01 -1.017144039563912727e+01 -1.015164436678826299e+01 -1.007013344138162125e+01 -1.001941658834432580e+01 -9.991118323650594490e+00 -9.952970244498827057e+00 -9.929841565726977848e+00
-1.066888834865248725e+01 -1.037861724203182945e+01 -1.029422693390193544e+01 -1.016797000692690389e+01 -1.010415909099444143e+01 -1.008810187306902506e+01 -1.003497892087136911e+01 -1.001951294306745233e+01 -9.973376243807404506e+00 -9.934837878180536208e+00
