-1.742796806730122228e+01 -1.687615042670865151e+01 -1.683277381386549010e+01 -1.677044592991982697e+01 -1.670792884531518396e+01 -1.669490532832556795e+01 -1.668530957387103086e+01 -1.667679899926270082e+01 -1.665048960705998482e+01 -1.664743845409789458e+01
-1.743675488741333623e+01 -1.683158922784097555e+01 -1.676784508936992424e+01 -1.669681198468388317e+01 -1.667602929477997620e+01 -1.666236923734084030e+01 -1.665328985377179549e+01 -1.662405672115075816e+01 -1.661622983372713946e+01 -1.652579166664914112e+01
-1.748299297023070409e+01 -1.744214602978006567e+01 -1.689411772567472170e+01 -1.681734218731309483e+01 -1.676325514675305683e+01 -1.672747134831162441e+01 -1.669006749591953920e+01 -1.668431626415551605e+01 -1.668304522075602137e+01 -1.663399078274532172e+01
-1.743675488741336466e+01 -1.683158922784119582e+01 -1.676784508936991003e+01 -1.669681198468396488e+01 -1.667602929478001883e+01 -1.666236923734092201e+01 -1.665328985377183102e+01 -1.662405672115069777e+01 -1.661622983372710749e+01 -1.652579166664909138e+01
-1.743768812805119595e+01 -1.679232569548132403e+01 -1.674477301934016893e+01 -1.672226480105790358e+01 -1.670199822294625136e+01 -1.668762314091297227e+01 -1.668141603145650365e+01 -1.666949761235884253e+01 -1.665816988697838852e+01 -1.665565228901357386e+01
-1.740689484653956853e+01 -1.678797864565518694e+01 -1.673602343086481525e+01 -1.672632241883334103e+01 -1.669432215826441279e+01 -1.668806390495216618e+01 -1.667501846994933246e+01 -1.665779608912182752e+01 -1.662568632960928738e+01 -1.645688753172178309e+01
-1.742525587927758224e+01 -1.678827925353414940e+01 -1.675133201134482874e+01 -1.672628063469282012e+01 -1.670479518056419366e+01 -1.668230638597296078e+01 -1.667580568048050793e+01 -1.667252995634084911e+01 -1.666328675247615720e+01 -1.665331020025467623e+01
-1.744800735182153062e+01 -1.677563240246756848e+01 -1.675228360899889424e+01 -1.672672321059894784e+01 -1.670681488781131208e+01 -1.668433432531971050e+01 -1.667855199696649393e+01 -1.666503162347720490e+01 -1.664123230157824551e+01 -1.652391236238569050e+01
-1.743768812805119950e+01 -1.679232569548143061e+01 -1.674477301934024354e+01 -1.672226480105802082e+01 -1.670199822294617675e+01 -1.668762314091295451e+01 -1.668141603145650009e+01 -1.666949761235883543e+01 -1.665816988697833878e+01 -1.665565228901374439e+01
-1.744800735182148443e+01 -1.677563240246760401e+01 -1.675228360899890490e+01 -1.672672321059888745e+01 -1.670681488781130142e+01 -1.668433432531973182e+01 -1.667855199696641577e+01 -1.666503162347709832e+01 -1.664123230157818512e+01 -1.652391236238562300e+01
-1.742525587927760711e+01 -1.678827925353408190e+01 -1.675133201134473282e+01 -1.672628063469284143e+01 -1.670479518056409773e+01 -1.668230638597285420e+01 -1.667580568048042622e+01 -1.667252995634083490e+01 -1.666328675247611102e+01 -1.665331020025461228e+01
-1.740689484653962182e+01 -1.678797864565515496e+01 -1.673602343086491118e+01 -1.672632241883340853e+01 -1.669432215826452648e+01 -1.668806390495213421e+01 -1.667501846994943904e+01 -1.665779608912182042e+01 -1.662568632960926607e+01 -1.645688753172171914e+01
