-1.816655860221667851e+01 -1.759983180862854724e+01 -1.755278098299353218e+01 -1.749792583666358681e+01 -1.745965565228480543e+01 -1.744395703212358839e+01 -1.744017256914787239e+01 -1.741040533112935762e+01 -1.740631044929936877e+01 -1.739989179470175529e+01
-1.815608222679326644e+01 -1.755559817290707159e+01 -1.749659493781909347e+01 -1.745245629133318133e+01 -1.743412966741370695e+01 -1.742668453825752550e+01 -1.741841441845496163e+01 -1.737879839262220472e+01 -1.736292286909742444e+01 -1.725183029569034332e+01
-1.818342452018725552e+01 -1.814312939212463860e+01 -1.759954426941306949e+01 -1.755562472248869454e+01 -1.749893134720552013e+01 -1.746403655786491882e+01 -1.744473272351965321e+01 -1.743472723380032363e+01 -1.740869770550471074e+01 -1.739729972121813617e+01
-1.815608222679323802e+01 -1.755559817290708224e+01 -1.749659493781906150e+01 -1.745245629133320620e+01 -1.743412966741370340e+01 -1.742668453825758590e+01 -1.741841441845499716e+01 -1.737879839262218340e+01 -1.736292286909743865e+01 -1.725183029569026871e+01
-1.818445735235695793e+01 -1.753660337517596446e+01 -1.748605651884898293e+01 -1.747454983555920194e+01 -1.744631399298786079e+01 -1.744082121418047393e+01 -1.743136815350547408e+01 -1.742613452637349525e+01 -1.740883963338666263e+01 -1.739966857497416797e+01
-1.816443631306032103e+01 -1.753065735548454640e+01 -1.748602150629920615e+01 -1.746345872597852633e+01 -1.745225147390896225e+01 -1.742917439127715795e+01 -1.741697375691719785e+01 -1.740466061551622445e+01 -1.735319623439337278e+01 -1.722174388929772704e+01
-1.815572122367203178e+01 -1.752529898258837804e+01 -1.750029911144788031e+01 -1.747539327680005883e+01 -1.745756774721605709e+01 -1.744746197930720299e+01 -1.743206515996859807e+01 -1.741436584956634803e+01 -1.739976537562131753e+01 -1.739831401487085571e+01
-1.817488965176521987e+01 -1.751650352196519833e+01 -1.749791801331823393e+01 -1.748146498139393046e+01 -1.744800508187571708e+01 -1.744014264487616117e+01 -1.742316736608325911e+01 -1.741009702414428162e+01 -1.736933928728429066e+01 -1.725659998888954760e+01
-1.818445735235698280e+01 -1.753660337517596091e+01 -1.748605651884902201e+01 -1.747454983555920904e+01 -1.744631399298796737e+01 -1.744082121418056985e+01 -1.743136815350551316e+01 -1.742613452637357696e+01 -1.740883963338672658e+01 -1.739966857497422836e+01
-1.817488965176525895e+01 -1.751650352196523386e+01 -1.749791801331812735e+01 -1.748146498139392335e+01 -1.744800508187582011e+01 -1.744014264487620380e+01 -1.742316736608334082e+01 -1.741009702414436688e+01 -1.736933928728433330e+01 -1.725659998888972524e+01
-1.815572122367207086e+01 -1.752529898258827146e+01 -1.750029911144786965e+01 -1.747539327680004106e+01 -1.745756774721596472e+01 -1.744746197930714615e+01 -1.743206515996856965e+01 -1.741436584956630895e+01 -1.739976537562131043e+01 -1.739831401487088058e+01
-1.816443631306033879e+01 -1.753065735548456772e+01 -1.748602150629916352e+01 -1.746345872597859028e+01 -1.745225147390891607e+01 -1.742917439127716861e+01 -1.741697375691722272e+01 -1.740466061551632748e+01 -1.735319623439343317e+01 -1.722174388929771638e+01
