-2.714791973741869668e+01 -2.688131942996756862e+01 -2.684460348411671404e+01 -2.683647243013588479e+01 -2.682494810866479540e+01 -2.682395425016574819e+01 -2.682079059507755403e+01 -2.681832755737312723e+01 -2.681073871536550612e+01 -2.680717171280280553e+01
-2.714091483861504628e+01 -2.691186324514422168e+01 -2.687862569276725111e+01 -2.684469687267016624e+01 -2.682973399902884637e+01 -2.682758440218929152e+01 -2.682460615248654889e+01 -2.682037242172312475e+01 -2.681601948078726849e+01 -2.681270692160302715e+01
-2.713028802654684313e+01 -2.687716425670823739e+01 -2.684452839223283505e+01 -2.683515655131562028e+01 -2.682826884352082075e+01 -2.682281211817010202e+01 -2.681600528014813989e+01 -2.681343475662297493e+01 -2.681239926532539286e+01 -2.681063690525637000e+01
-2.719212488241061365e+01 -2.712936497284559678e+01 -2.691183864223667399e+01 -2.687827250977353089e+01 -2.684418854977877089e+01 -2.683809601658276733e+01 -2.683601595637788861e+01 -2.682071472764461717e+01 -2.682010130454225205e+01 -2.681823980918243322e+01
-2.713028802654691418e+01 -2.687716425670847897e+01 -2.684452839223303755e+01 -2.683515655131581923e+01 -2.682826884352091668e+01 -2.682281211817028321e+01 -2.681600528014802265e+01 -2.681343475662282572e+01 -2.681239926532526141e+01 -2.681063690525632026e+01
-2.714091483861513865e+01 -2.691186324514424300e+01 -2.687862569276720137e+01 -2.684469687267011651e+01 -2.682973399902854084e+01 -2.682758440218938745e+01 -2.682460615248640678e+01 -2.682037242172313540e+01 -2.681601948078731823e+01 -2.681270692160303071e+01
-2.717549705723590847e+01 -2.687047401604456809e+01 -2.686607337764247205e+01 -2.685829400800405864e+01 -2.685008645411665640e+01 -2.684086520368020956e+01 -2.682046501775736758e+01 -2.681326017457379507e+01 -2.680953672672610111e+01 -2.680793181335189956e+01
-2.717213057712097779e+01 -2.687196418093346040e+01 -2.686935861838643547e+01 -2.685459384229655555e+01 -2.685414817591736991e+01 -2.684085392889486954e+01 -2.682572169041248245e+01 -2.682025330622561654e+01 -2.682013304338400062e+01 -2.681393688738843295e+01
-2.717549705723597953e+01 -2.687047401604473151e+01 -2.686607337764264614e+01 -2.685829400800426114e+01 -2.685008645411698680e+01 -2.684086520368029127e+01 -2.682046501775736047e+01 -2.681326017457408639e+01 -2.680953672672651322e+01 -2.680793181335189601e+01
-2.717913270619786559e+01 -2.687032441576020858e+01 -2.686705346143480355e+01 -2.686008063400959500e+01 -2.685227669415745311e+01 -2.684153323974691929e+01 -2.682512965853324260e+01 -2.682064730480559334e+01 -2.681583533478989878e+01 -2.681241098837199033e+01
-2.717623497674385291e+01 -2.686971104209907324e+01 -2.686562152532611947e+01 -2.685480886850701054e+01 -2.685254866622535630e+01 -2.684171424902807246e+01 -2.682019675696655270e+01 -2.681535850677873967e+01 -2.680680082138833242e+01 -2.680183977747726942e+01
-2.717913270619796506e+01 -2.687032441576018371e+01 -2.686705346143476092e+01 -2.686008063400977974e+01 -2.685227669415735008e+01 -2.684153323974662797e+01 -2.682512965853281273e+01 -2.682064730480546899e+01 -2.681583533478995918e+01 -2.681241098837208625e+01
-2.717549705723600084e+01 -2.687047401604461072e+01 -2.686607337764254666e+01 -2.685829400800415812e+01 -2.685008645411693706e+01 -2.684086520368042628e+01 -2.682046501775738179e+01 -2.681326017457385902e+01 -2.680953672672634269e+01 -2.680793181335187825e+01
-2.717913270619785848e+01 -2.687032441576013753e+01 -2.686705346143457973e+01 -2.686008063400955947e+01 -2.685227669415730034e+01 -2.684153323974667771e+01 -2.682512965853313602e+01 -2.682064730480556847e+01 -2.681583533478994852e+01 -2.681241098837214309e+01
-2.717623497674378896e+01 -2.686971104209903416e+01 -2.686562152532588144e+01 -2.685480886850711713e+01 -2.685254866622546288e+01 -2.684171424902800140e+01 -2.682019675696652428e+01 -2.681535850677891730e+01 -2.680680082138847453e+01 -2.680183977747727653e+01
-2.717913270619791533e+01 -2.687032441576025121e+01 -2.686705346143478224e+01 -2.686008063400960921e+01 -2.685227669415728258e+01 -2.684153323974664573e+01 -2.682512965853299036e+01 -2.682064730480552583e+01 -2.681583533478975312e+01 -2.681241098837215731e+01
-2.717549705723592623e+01 -2.687047401604462493e+01 -2.686607337764255732e+01 -2.685829400800420075e+01 -2.685008645411678074e+01 -2.684086520368041207e+01 -2.682046501775741021e+01 -2.681326017457386257e+01 -2.680953672672638888e+01 -2.680793181335180719e+01
-2.717213057712096358e+01 -2.687196418093380501e+01 -2.686935861838666995e+01 -2.685459384229619317e+01 -2.685414817591712477e+01 -2.684085392889464927e+01 -2.682572169041236876e+01 -2.682025330622564496e+01 -2.682013304338395088e+01 -2.681393688738819137e+01
