-1.448879240703375793e+01 -1.402504333041209605e+01 -1.401413074865933162e+01 -1.385335946246692096e+01 -1.381431857911538330e+01 -1.379030485582369536e+01 -1.378201870968521447e+01 -1.366248107550102020e+01 -1.365262506785422048e+01 -1.357728983125836741e+01
-1.457189508440520420e+01 -1.395682319431300655e+01 -1.387364526146156329e+01 -1.376784984238750198e+01 -1.372051615414584091e+01 -1.368005901895614862e+01 -1.363675482513796133e+01 -1.361520878048577110e+01 -1.359935905832404224e+01 -1.358522676866614809e+01
-1.469543342755566329e+01 -1.464683902639601776e+01 -1.412128828959786908e+01 -1.392295099050081220e+01 -1.384800148223509986e+01 -1.384322077974825405e+01 -1.380286872525017117e+01 -1.376488059667543951e+01 -1.370717892263721538e+01 -1.369664291373934617e+01
-1.457189508440513670e+01 -1.395682319431297813e+01 -1.387364526146149579e+01 -1.376784984238742027e+01 -1.372051615414586756e+01 -1.368005901895613263e+01 -1.363675482513788850e+01 -1.361520878048571070e+01 -1.359935905832402803e+01 -1.358522676866613743e+01
-1.446476530465657362e+01 -1.388965964652735963e+01 -1.383972921608225626e+01 -1.380090214533965209e+01 -1.377042272640394849e+01 -1.375101638240063373e+01 -1.372577791596248353e+01 -1.369227835130110726e+01 -1.367114037425001882e+01 -1.364433631681729686e+01
-1.439269199071594585e+01 -1.389232691478469128e+01 -1.387120958739637544e+01 -1.376399723723417701e+01 -1.374931316814418558e+01 -1.372206304455072079e+01 -1.369778579251018158e+01 -1.365453708413615530e+01 -1.362723490051060438e+01 -1.359192908085015006e+01
-1.451415061283756813e+01 -1.389198839765350080e+01 -1.380821338241917040e+01 -1.379158748687289204e+01 -1.378511814790019585e+01 -1.374701140886913642e+01 -1.369840269666600641e+01 -1.366424330828650113e+01 -1.365072094088287002e+01 -1.359619411071721373e+01
-1.455500626205093440e+01 -1.388552942314699301e+01 -1.385552736369606208e+01 -1.377871749891391318e+01 -1.375456354170575857e+01 -1.372689611078886607e+01 -1.370896213359745097e+01 -1.366127393281614033e+01 -1.361278286971044160e+01 -1.359575776998145891e+01
-1.446476530465648302e+01 -1.388965964652720864e+01 -1.383972921608225981e+01 -1.380090214533968940e+01 -1.377042272640387743e+01 -1.375101638240062663e+01 -1.372577791596241070e+01 -1.369227835130106996e+01 -1.367114037424993533e+01 -1.364433631681721160e+01
-1.455500626205092196e+01 -1.388552942314692196e+01 -1.385552736369605675e+01 -1.377871749891389186e+01 -1.375456354170574613e+01 -1.372689611078879857e+01 -1.370896213359736038e+01 -1.366127393281610836e+01 -1.361278286971043450e+01 -1.359575776998146601e+01
-1.451415061283755925e+01 -1.389198839765350968e+01 -1.380821338241920415e+01 -1.379158748687285296e+01 -1.378511814790016565e+01 -1.374701140886909378e+01 -1.369840269666597976e+01 -1.366424330828644251e+01 -1.365072094088284338e+01 -1.359619411071721551e+01
-1.439269199071598671e+01 -1.389232691478474280e+01 -1.387120958739645893e+01 -1.376399723723418944e+01 -1.374931316814415894e+01 -1.372206304455071546e+01 -1.369778579251025796e+01 -1.365453708413611977e+01 -1.362723490051060971e+01 -1.359192908085025486e+01
