-1.627427413739192730e+01 -1.615186681895066911e+01 -1.602883692637792024e+01 -1.602528913987320180e+01 -1.596722420020650901e+01 -1.594951699890271257e+01 -1.592578822657906201e+01 -1.590107598840306657e+01 -1.586452542084257189e+01 -1.579076903133488408e+01
-1.637205741851013485e+01 -1.630816836020010641e+01 -1.605654355323131099e+01 -1.601847972487923855e+01 -1.599495983915313602e+01 -1.593165846600822633e+01 -1.590492978206030372e+01 -1.589420322175421241e+01 -1.583361234758035252e+01 -1.582819462569363544e+01
-1.654978592087612554e+01 -1.623728891149399089e+01 -1.602957346723190213e+01 -1.602617112828256651e+01 -1.592920554447050563e+01 -1.588746976238416408e+01 -1.587934220116538775e+01 -1.583529601255386332e+01 -1.578089936263147841e+01 -1.577540029800393029e+01
-1.669050174583999890e+01 -1.664796883490160084e+01 -1.644709348810190264e+01 -1.617759477970408000e+01 -1.607790811769834249e+01 -1.606229648287184375e+01 -1.602603173291468508e+01 -1.592228485349087208e+01 -1.588112233117177752e+01 -1.580860511652826439e+01
-1.654978592087607225e+01 -1.623728891149404419e+01 -1.602957346723184173e+01 -1.602617112828247770e+01 -1.592920554447040615e+01 -1.588746976238421560e+01 -1.587934220116543038e+01 -1.583529601255388819e+01 -1.578089936263144999e+01 -1.577540029800396226e+01
-1.637205741851014196e+01 -1.630816836020002114e+01 -1.605654355323121507e+01 -1.601847972487929184e+01 -1.599495983915318220e+01 -1.593165846600821034e+01 -1.590492978206031438e+01 -1.589420322175424438e+01 -1.583361234758032765e+01 -1.582819462569360880e+01
-1.621701402356967137e+01 -1.612488877159351830e+01 -1.599940771947913376e+01 -1.593235831330284924e+01 -1.589166647561570400e+01 -1.586008453038099297e+01 -1.583369404018917059e+01 -1.580927097752884514e+01 -1.579042029546562276e+01 -1.576175807175579990e+01
-1.611176893111764485e+01 -1.601956462580654517e+01 -1.597669080684244669e+01 -1.595713129146901110e+01 -1.588525105483293842e+01 -1.583339897322700729e+01 -1.583239889534547551e+01 -1.580755952420603627e+01 -1.578608618693538368e+01 -1.577932594145295120e+01
-1.621701402356957189e+01 -1.612488877159355027e+01 -1.599940771947921370e+01 -1.593235831330312635e+01 -1.589166647561577683e+01 -1.586008453038094146e+01 -1.583369404018905158e+01 -1.580927097752867283e+01 -1.579042029546554282e+01 -1.576175807175579990e+01
-1.637615884106328679e+01 -1.612541992548302971e+01 -1.605384632916634757e+01 -1.602908347294251001e+01 -1.597385383064035480e+01 -1.590255915604058856e+01 -1.583893175871978265e+01 -1.581937402773494838e+01 -1.581168171044584092e+01 -1.577938126369602756e+01
-1.640768148392069747e+01 -1.612005068111776396e+01 -1.609596210406705907e+01 -1.602806842827051170e+01 -1.600105986946586256e+01 -1.594972684948283437e+01 -1.593945147300943965e+01 -1.589879583930148677e+01 -1.583477785454179987e+01 -1.574010498294947702e+01
-1.637615884106330810e+01 -1.612541992548311853e+01 -1.605384632916644350e+01 -1.602908347294247449e+01 -1.597385383064044362e+01 -1.590255915604063652e+01 -1.583893175871985015e+01 -1.581937402773500168e+01 -1.581168171044588178e+01 -1.577938126369604710e+01
-1.621701402356972110e+01 -1.612488877159360001e+01 -1.599940771947910712e+01 -1.593235831330301622e+01 -1.589166647561571644e+01 -1.586008453038100008e+01 -1.583369404018922566e+01 -1.580927097752889487e+01 -1.579042029546559078e+01 -1.576175807175582300e+01
-1.637615884106330455e+01 -1.612541992548302971e+01 -1.605384632916630139e+01 -1.602908347294233593e+01 -1.597385383064033171e+01 -1.590255915604055126e+01 -1.583893175871981640e+01 -1.581937402773484003e+01 -1.581168171044582493e+01 -1.577938126369595651e+01
-1.640768148392064063e+01 -1.612005068111771777e+01 -1.609596210406697736e+01 -1.602806842827070355e+01 -1.600105986946583414e+01 -1.594972684948262831e+01 -1.593945147300944676e+01 -1.589879583930149032e+01 -1.583477785454180520e+01 -1.574010498294940597e+01
-1.637615884106334718e+01 -1.612541992548326064e+01 -1.605384632916633691e+01 -1.602908347294232883e+01 -1.597385383064039033e+01 -1.590255915604067560e+01 -1.583893175871983594e+01 -1.581937402773486667e+01 -1.581168171044586579e+01 -1.577938126369602045e+01
-1.621701402356961097e+01 -1.612488877159353251e+01 -1.599940771947905382e+01 -1.593235831330298424e+01 -1.589166647561569334e+01 -1.586008453038100185e+01 -1.583369404018913329e+01 -1.580927097752878829e+01 -1.579042029546563164e+01 -1.576175807175584964e+01
-1.611176893111751340e+01 -1.601956462580615081e+01 -1.597669080684235254e+01 -1.595713129146895959e+01 -1.588525105483284250e+01 -1.583339897322692025e+01 -1.583239889534559452e+01 -1.580755952420618549e+01 -1.578608618693539434e+01 -1.577932594145292633e+01
